204 11111111
191 111111101
187 1111111001
90 11111110001
173 11111110000
193 111111011
185 1111110101
184 1111110100
67 111111001
194 111111000
31 111110
20 11110
236 11101
41 1110011
195 111001011
59 111001010
50 11100100
30 111000
32 110111
224 110110
18 11010
145 1100111111111
127 1100111111110
129 11001111111011
133 11001111111010
130 1100111111100
139 110011111101111
140 11001111110111011
123 110011111101110101
111 1100111111011101001
121 1100111111011101000
108 1100111111011100
146 110011111101101
152 110011111101100
141 110011111101011
142 110011111101010
159 11001111110100
125 1100111111001
122 11001111110001
124 11001111110000
107 110011111011
89 110011111010
96 110011111001
162 110011111000
143 11001111011111
147 11001111011110
134 11001111011101
135 11001111011100
137 11001111011011
138 11001111011010
113 1100111101100
114 1100111101011
161 1100111101010
154 1100111101001
150 1100111101000
73 1100111100
206 11001110
48 11001101
198 110011001
61 110011000
52 11001011
205 11001010
215 1100100
19 11000
172 10111111111
155 1011111111011
151 1011111111010
112 101111111100
80 1011111110
70 1011111101
189 1011111100
51 10111110
60 101111011
183 1011110101
177 10111101001
84 10111101000
63 101111001
62 101111000
226 101110
238 10110
237 10101
39 1010011
216 1010010
29 101000
17 10011
16 10010
239 10001
197 100001111
68 1000011101
74 1000011100
207 10000110
38 1000010
28 100000
40 0111111
105 011111011111
91 011111011110
179 01111101110
69 0111110110
72 0111110101
81 01111101001
170 011111010001
164 011111010000
49 01111100
225 011110
240 01110
14 01101
243 01100
15 01011
242 01010
241 01001
47 01000111
209 01000110
208 01000101
71 0100010011
101 0100010010111
160 0100010010110
153 0100010010101
149 0100010010100
102 010001001001
175 010001001000
200 010001000
227 010000
13 00111
217 0011011
37 0011010
201 001100111
188 0011001101
167 001100110011
169 001100110010
119 0011001100011
117 0011001100010
97 001100110000
210 00110010
199 001100011
190 0011000101
181 00110001001
174 00110001000
58 001100001
57 001100000
27 001011
228 001010
244 00100
11 00011
246 00010
12 00001
218 0000011
36 0000010
230 000000
26 111111
46 11111011
76 11111010111
98 111110101101
93 111110101100
75 11111010101
136 1111101010011
128 11111010100101
131 11111010100100
115 11111010100011
116 11111010100010
118 1111101010000
55 111110100
219 1111100
229 111101
24 111100
245 11101
248 11100
10 11011
25 110101
220 1101001
211 11010001
45 11010000
247 11001
8 11000
178 10111111111
157 10111111110111
144 10111111110110
148 1011111111010
88 101111111100
86 101111111011
168 101111111010
103 1011111110011
104 1011111110010
158 1011111110001
156 1011111110000
56 101111110
182 10111110111
95 1011111011011
99 1011111011010
100 1011111011001
163 1011111011000
78 10111110101
77 10111110100
54 101111100
221 1011110
231 101110
9 10110
249 10101
250 10100
5 10011
35 1001011
53 100101011
79 10010101011
82 10010101010
192 1001010100
44 10010100
23 100100
251 10001
7 10000
255 01111
3 01110
6 01101
253 01100
2 01011
252 01010
254 01001
232 010001
66 0100001111
64 0100001110
171 010000110111
165 010000110110
120 0100001101011
132 01000011010101
126 01000011010100
94 010000110100
65 0100001100
213 01000010
34 0100000
4 00111
233 001101
33 0011001
42 00110001
202 001100001
203 001100000
0 0010
21 000111
22 000110
1 00010
43 00001111
214 00001110
212 00001101
106 0000110011111
166 0000110011110
109 0000110011101
110 0000110011100
83 000011001101
92 000011001100
196 0000110010
180 00001100011
186 00001100010
87 000011000011
85 000011000010
176 00001100000
222 0000101
223 0000100
234 000001
235 000000
000100
33 0000000
